-9.591196972964660006e+00 -1.171340785509470628e+00
-7.822886798771119921e+00 1.745804251356887882e+00
-3.201261557296469551e+00 4.463181349974400192e+00
3.159971205837175390e+00 4.053947214490532858e+00
8.239717033486948949e+00 1.796847620020480374e+00
1.061704461781874542e+01 1.310823795135688474e+00
1.268566694961598351e+01 2.597826734767023638e-01
1.058895903809525052e+01 -6.709851283666160571e-01
8.333308537634408708e+00 -1.236989613159240831e+00
4.228830603072190719e+00 -3.338427459242191198e+00
-2.493422056835639555e+00 -3.828139499795190304e+00
-6.043910478955446308e+00 -3.206878769841270405e+00
-3.629185261443933275e+00 -2.674682260624682839e-01
-4.415274515821820067e+00 1.630081036610342871e+00
-3.307749787711211198e+00 -8.582149090117761059e-01
-3.058549034715818848e+00 -2.237242957859701509e+00
-7.802774007066052953e+00 7.838093121863802804e-01
-6.487287513978497344e+00 7.714100955965202955e-01
